000000000000000000
000000000011100101
000000001001101010
000000000110001110
000000000111010010
111111111110111010
111111110110011101
000000001010111000
111110101111111000
000101010111111100
001000000110111011
000111111000011000
000100011000110101
111110111110110100
111010000110110001
110111100101001000
111000100110001010
111100101110100111
000010001101100110
000110110010000011
001000100011001000
000110110010000011
000010001101100110
111100101110100111
111000100110001010
110111100001100011
111001111101001000
111110111000100110
000100010001100011
000111111001011110
001000010000011110
000101001101000100
111111111111111111
111010110010111011
110111101111100001
111000000110100001
111011101110011100
000001000111011001
000110000010110111
001000011110011100
000111011001110101
000011010001010111
111101110010011001
111001001101111100
110111011100111000
111001001101111100
111101110010011001
000011010001010111
000111011001110101
001000011110011100
000110000010110111
000001000111011001
111011101110011011
111000000110100001
110111101111100001
111010110010111011
000000000000000000
000101001101000100
001000010000011110
000111111001011110
000100010001100011
111110111000100110
111001111101001000
110111100001100011
111000100110001010
111100101110100111
000010001101100110
000110110010000011
001000100011001000
000110110010000011
000010001101100110
111100101110100111
111000100110001010
110111100001100011
111001111101001000
111110111000100110
000100010001100011
000111111001011110
001000010000011110
000101001101000100
111111111111111111
111010110010111011
110111101111100001
111000000110100001
111011101110011100
000001000111011001
000110000010110111
001000011110011100
000111011001110101
000011010001010111
111101110010011001
111001001101111100
110111011100111000
111001001101111100
111101110010011001
000011010001010111
000111011001110101
